           1      1.1228      1.1228           0
           2     1.45983     1.29132    0.119157
           3     1.30095     1.29453   0.0794813
           4     1.19592     1.26988   0.0633184
           5     1.44445     1.30479   0.0595073
           6     1.52588     1.34164   0.0599217
           7     1.44312     1.35614    0.053086
           8     1.44695     1.36749   0.0476484
           9     1.47318     1.37923   0.0437775
          10     1.35186     1.37649   0.0394852
          11     1.51564     1.38914   0.0378679
          12     1.52374     1.40036   0.0363354
          13     1.39205     1.39972    0.033546
          14      1.5095     1.40756   0.0320531
          15     1.30767      1.4009   0.0306002
          16     1.33568     1.39683    0.028958
          17     1.45795     1.40042   0.0274769
          18     1.54577      1.4085   0.0271109
          19     1.45946     1.41118   0.0258164
          20     1.52111     1.41667   0.0251039
          21     1.26672     1.40953   0.0249032
          22     1.28948     1.40408   0.0243619
          23     1.43319     1.40534   0.0233355
          24     1.44545     1.40701    0.022423
          25     1.38564     1.40616   0.0215423
          26     1.51013     1.41016   0.0210816
          27     1.44055     1.41128   0.0203309
          28        1.46     1.41302   0.0196791
          29     1.48292     1.41543   0.0191475
          30     1.30577     1.41178    0.018855
