           1    -5.51266    -5.51266           0
           2    -5.46678    -5.48972   0.0162215
           3    -5.48037     -5.4866   0.0111101
           4    -5.49433    -5.48854  0.00849874
           5    -5.45875    -5.48258  0.00863781
           6    -5.43417    -5.47451   0.0102986
           7    -5.45143    -5.47121  0.00934048
           8    -5.45705    -5.46944  0.00833894
           9    -5.44565     -5.4668  0.00782017
          10    -5.46556    -5.46668  0.00703913
          11    -5.43571    -5.46386  0.00693927
          12    -5.44877     -5.4626  0.00647397
          13    -5.46295    -5.46263  0.00597603
          14    -5.45367    -5.46199  0.00558331
          15    -5.47932    -5.46314  0.00532936
          16    -5.47304    -5.46376  0.00503199
          17    -5.44262    -5.46252   0.0048873
          18    -5.44469    -5.46153  0.00471513
          19    -5.45511    -5.46119  0.00447906
          20    -5.44696    -5.46048  0.00431127
          21    -5.48313    -5.46156  0.00423877
          22    -5.48656    -5.46269  0.00419564
          23    -5.45233    -5.46224  0.00403734
          24    -5.45315    -5.46186  0.00388685
          25    -5.46782     -5.4621  0.00373866
          26    -5.44853    -5.46158  0.00363114
          27    -5.44831    -5.46109  0.00352976
          28    -5.45092    -5.46073  0.00342232
          29    -5.44684    -5.46025  0.00333764
          30     -5.4834    -5.46102  0.00331442
