          30           0           0           0           0
          30   0.0256496           0           0           0
          30   0.0512993           0           0           0
          30   0.0769489           0           0           0
          30    0.102599           0           0           0
          30    0.128248           0           0           0
          30    0.153898           0           0           0
          30    0.179547           0           0           0
          30    0.205197           0           0           0
          30    0.230847           0           0           0
          30    0.256496           0           0           0
          30    0.282146           0           0           0
          30    0.307796           0           0           0
          30    0.333445           0           0           0
          30    0.359095           0           0           0
          30    0.384745           0           0           0
          30    0.410394           0           0           0
          30    0.436044           0           0           0
          30    0.461694           0           0           0
          30    0.487343           0           0           0
          30    0.512993           0           0           0
          30    0.538642           0           0           0
          30    0.564292           0           0           0
          30    0.589942           0           0           0
          30    0.615591           0           0           0
          30    0.641241           0           0           0
          30    0.666891           0           0           0
          30     0.69254           0           0           0
          30     0.71819           0           0           0
          30     0.74384           0           0           0
          30    0.769489           0           0           0
          30    0.795139           0           0           0
          30    0.820788           0           0           0
          30    0.846438           0 1.94523e-05 1.91253e-05
          30    0.872088  0.00256775  0.00149174 0.000129036
          30    0.897737    0.024771   0.0245978  0.00043171
          30    0.923387    0.160258    0.167244  0.00198771
          30    0.949037    0.534803    0.560811  0.00386595
          30    0.974686     1.16779     1.20559  0.00473489
          30     1.00034     1.84832     1.86679  0.00727373
          30     1.02599     2.36403     2.34526  0.00552769
          30     1.05164     2.55405     2.55968  0.00525965
          30     1.07728     2.54756     2.54763  0.00496274
          30     1.10293     2.37859     2.40649  0.00453617
          30     1.12858     2.21535     2.20009  0.00403148
          30     1.15423     1.99609     1.96913  0.00538703
          30     1.17988     1.75214     1.74938  0.00397092
          30     1.20553     1.57842      1.5518  0.00521605
          30     1.23118     1.40189      1.3844  0.00384279
          30     1.25683      1.2635      1.2425  0.00407493
          30     1.28248     1.14188     1.12607  0.00344708
          30     1.30813     1.03384     1.01891  0.00341551
          30     1.33378    0.957211     0.93673  0.00304158
          30     1.35943    0.885762    0.866904  0.00273309
          30     1.38508    0.841134    0.819082  0.00245381
          30     1.41073    0.793449     0.77203  0.00254071
          30     1.43638    0.731964    0.734125  0.00234768
          30     1.46203    0.716037    0.713697  0.00165538
          30     1.48768    0.686281    0.694142  0.00246345
          30     1.51333    0.660447    0.680205  0.00231999
          30     1.53898    0.657285    0.677309  0.00240403
          30     1.56463    0.642145    0.671448  0.00276205
          30     1.59028    0.649426    0.677238  0.00260512
          30     1.61593    0.671851    0.689424  0.00273525
          30     1.64158    0.696887    0.702754  0.00206181
          30     1.66723    0.714801     0.72403   0.0028027
          30     1.69288    0.738785    0.750921   0.0029797
          30     1.71853    0.754336    0.782269  0.00269165
          30     1.74418      0.7877    0.815741  0.00233567
          30     1.76983    0.839546     0.85293  0.00211884
          30     1.79547    0.880204    0.892336  0.00269183
          30     1.82112     0.92515      0.9368  0.00246297
          30     1.84677    0.981877    0.976663  0.00225475
          30     1.87242     1.02182     1.01928  0.00209592
          30     1.89807     1.05892     1.05523  0.00235018
          30     1.92372     1.11202     1.09561  0.00230814
          30     1.94937      1.1316     1.13095  0.00279449
          30     1.97502     1.18179     1.16397  0.00250173
          30     2.00067     1.19219     1.18646  0.00229597
          30     2.02632     1.21662     1.20438  0.00243824
          30     2.05197      1.2232     1.21318  0.00237219
          30     2.07762     1.21608     1.21289  0.00266732
          30     2.10327     1.21478     1.20704  0.00216325
          30     2.12892     1.19679      1.1954  0.00180049
          30     2.15457      1.1786     1.17499   0.0019527
          30     2.18022     1.15128     1.14746  0.00151797
          30     2.20587     1.13176     1.12359  0.00218008
          30     2.23152      1.0928     1.09557  0.00229114
          30     2.25717     1.07051     1.06582  0.00223376
          30     2.28282     1.05206     1.03555  0.00267297
          30     2.30847     1.02851     1.00984  0.00212348
          30     2.33412     1.00232    0.987119  0.00213609
          30     2.35977    0.973724    0.964757  0.00248463
          30     2.38542    0.955105    0.945581  0.00225755
          30     2.41107    0.937028    0.930244  0.00189051
          30     2.43672    0.914204    0.917033  0.00159927
          30     2.46237    0.899317    0.906394  0.00151291
          30     2.48802    0.890793    0.893583  0.00175095
          30     2.51366    0.881641    0.885757   0.0016461
          30     2.53931    0.882687    0.887751  0.00147266
