           1    -0.46281    -0.46281           0
           2   -0.464805   -0.463808  0.00070541
           3   -0.460164   -0.462593  0.00109752
           4   -0.461683   -0.462366 0.000846396
           5   -0.464265   -0.462746 0.000757567
           6    -0.46206   -0.462631  0.00063987
           7   -0.466059   -0.463121 0.000711545
           8   -0.462674   -0.463065 0.000624787
           9   -0.460538   -0.462784 0.000615215
          10   -0.463299   -0.462836 0.000555839
          11    -0.46334   -0.462882 0.000507194
          12   -0.465876   -0.463131 0.000522726
          13   -0.461538   -0.463009 0.000496677
          14   -0.463542   -0.463047 0.000462657
          15   -0.465917   -0.463238 0.000469717
          16   -0.462298   -0.463179 0.000444016
          17   -0.457718   -0.462858 0.000521304
          18   -0.465481   -0.463004 0.000512302
          19    -0.46314   -0.463011 0.000485389
          20   -0.462395    -0.46298 0.000462095
