           1     1.35168     1.35168           0
           2     1.44133     1.39651   0.0316954
           3     1.45726     1.41676   0.0268299
           4     1.35888     1.40229   0.0237047
           5     1.41765     1.40536   0.0191618
           6     1.34931     1.39602   0.0181029
           7       1.391      1.3953   0.0155309
           8     1.40178     1.39611   0.0136107
           9     1.37592     1.39387   0.0122819
          10     1.41336     1.39582   0.0112074
          11     1.35194     1.39183   0.0108751
          12     1.34918     1.38828   0.0105335
          13     1.38508     1.38803  0.00972614
          14     1.39582     1.38859  0.00904734
          15     1.39316     1.38889  0.00844932
          16     1.36128     1.38717   0.0080956
          17     1.27767     1.38072  0.00985401
          18     1.41216     1.38247  0.00946006
          19     1.45911      1.3865  0.00978443
          20     1.39228     1.38679  0.00929946
