           1    0.012908    0.012908           0
           2    0.022668    0.017788  0.00345068
           3    0.034608   0.0233947  0.00512334
           4    0.032956    0.025785  0.00436464
           5    0.032844   0.0271968  0.00371303
           6    0.027788   0.0272953   0.0030955
           7    0.023732   0.0267863  0.00269482
           8    0.024916   0.0265525  0.00236808
           9     0.02652   0.0265489  0.00210497
          10    0.026132   0.0265072  0.00189488
          11    0.015792   0.0255331  0.00195705
          12    0.026608   0.0256227  0.00179601
          13    0.030492   0.0259972  0.00169647
          14     0.03908   0.0269317   0.0018145
          15     0.02184   0.0265923  0.00172499
          16    0.023316   0.0263875  0.00162929
          17    0.017916   0.0258892  0.00160785
          18     0.02044   0.0255864  0.00154676
          19    0.018624     0.02522  0.00150814
          20    0.033764   0.0256472  0.00149201
