           1    0.193018    0.193018           0
           2    0.196159    0.194589  0.00111027
           3    0.199439    0.196205  0.00151342
           4    0.198841    0.196864  0.00127046
           5    0.196205    0.196732  0.00102319
           6    0.197635    0.196883 0.000863658
           7    0.191959     0.19618 0.000985918
           8    0.195962    0.196152 0.000863052
           9    0.194158    0.195931 0.000795101
          10    0.199947    0.196332 0.000810686
          11    0.198052    0.196489 0.000751916
          12    0.195902     0.19644 0.000690845
          13    0.198703    0.196614 0.000659282
          14    0.196348    0.196595 0.000612464
          15    0.193419    0.196383 0.000607124
          16     0.19623    0.196374 0.000569254
          17    0.199154    0.196537 0.000558761
          18    0.197536    0.196593 0.000530469
          19     0.19388     0.19645 0.000521404
          20    0.196036    0.196429 0.000495745
