1.09913
1.09608
1.09061
1.08241
1.07102
1.05586
1.03623
1.01134
0.980428
0.942851
0.898313
0.847141
0.790579
0.730919
0.671424
0.615894
0.567903
0.530132
0.503949
0.489338
0.485177
0.489614
0.500464
0.515512
0.532758
0.550542
0.567583
0.582991
0.59625
0.607147
0.615672
0.621943
0.626074
0.628122
0.628072
0.6259
0.621649
0.615506
0.607858
0.599299
0.590549
0.582407
0.575714
0.57123
0.569529
0.570807
0.574765
0.580663
0.587544
0.594463
0.600641
0.605529
0.608778
0.610256
0.610019
0.608351
0.605712
0.6027
0.59994
0.597955
0.597093
0.597453
0.598906
0.601163
0.603861
0.606635
0.609162
0.611179
0.612471
0.612868
0.612218
0.610421
0.607417
0.603251
0.598139
0.592486
0.586888
0.581963
0.578153
0.575577
0.574003
0.573027
0.572287
0.571545
0.57065
0.569456
0.567768
0.565416
0.562417
0.559039
0.555768
0.553178
0.551763
0.551818
0.55339
0.55629
0.560161
0.56457
0.569046
0.573127
1.10187
1.09714
1.08547
1.06717
1.0431
1.01477
0.984306
0.954203
0.926794
0.903724
0.885721
0.87272
0.864196
0.859394
0.857457
0.857492
0.858606
0.859973
0.860829
0.860653
0.859464
0.858188
0.858792
0.863724
0.874867
0.892365
0.914235
0.937031
0.957167
0.972011
0.980385
0.982526
0.979747
0.97395
0.967081
0.960676
0.955626
0.952159
0.949977
0.94842
0.946641
0.943802
0.939309
0.932997
0.925224
0.916701
0.908205
0.900306
0.893262
0.887181
0.882313
0.879117
0.877997
0.879084
0.882207
0.887054
0.893293
0.900548
0.908274
0.91574
0.922049
0.926234
0.927417
0.92504
0.919007
0.909891
0.898973
0.888094
0.879208
0.873651
0.871411
0.871154
0.870996
0.869446
0.865838
0.860138
0.852542
0.843212
0.832292
0.820138
0.807617
0.796235
0.787915
0.784445
0.786697
0.793939
0.803919
0.813717
0.82091
0.824402
0.824465
0.822266
0.819257
0.816783
0.815986
0.817709
0.822306
0.829596
0.83904
0.850007
1.11142
1.12063
1.12693
1.13085
1.1335
1.13619
1.13982
1.14444
1.14921
1.153
1.155
1.1549
1.15279
1.14884
1.14288
1.13428
1.12194
1.10475
1.08207
1.05447
1.02418
0.994689
0.969581
0.95134
0.940983
0.938282
0.941841
0.949032
0.956555
0.961469
0.962124
0.958612
0.952674
0.94715
0.945187
0.949132
0.959655
0.975508
0.994245
1.01328
1.03082
1.04617
1.05951
1.07135
1.08193
1.09091
1.0974
1.10033
1.09899
1.09332
1.08411
1.07284
1.06125
1.05097
1.0431
1.03809
1.03571
1.03517
1.0355
1.03592
1.03624
1.0368
1.03823
1.04099
1.04513
1.05025
1.05579
1.06133
1.06685
1.07265
1.07913
1.08645
1.09436
1.1022
1.10912
1.11431
1.11734
1.11825
1.11754
1.11582
1.11367
1.11151
1.10963
1.10827
1.1077
1.10815
1.10973
1.11245
1.11607
1.12023
1.12444
1.12799
1.12992
1.12912
1.12485
1.11736
1.10807
1.09888
1.09123
1.08538
1.0954
1.09032
1.08425
1.07716
1.06961
1.06246
1.05636
1.05169
1.04883
1.04836
1.05084
1.05639
1.06417
1.07237
1.07871
1.08126
1.07898
1.07178
1.06023
1.04546
1.02899
1.01251
0.997562
0.985258
0.976349
0.971349
0.970487
0.973635
0.980251
0.989539
1.00066
1.01276
1.02498
1.03637
1.04606
1.05341
1.05822
1.06056
1.0606
1.05862
1.0552
1.05159
1.04944
1.04999
1.05333
1.05878
1.06584
1.07468
1.08562
1.09822
1.11093
1.12148
1.12769
1.12806
1.12196
1.10965
1.09227
1.07173
1.05054
1.03128
1.01597
1.00546
0.99933
0.99642
0.995604
0.996359
0.998774
1.00325
1.00996
1.01845
1.02741
1.03479
1.03848
1.03728
1.03239
1.02867
1.03267
1.04669
1.06585
1.0827
1.09267
1.09488
1.09041
1.08089
1.06763
1.05146
1.03276
1.01186
0.989494
0.967199
0.947441
0.932924
0.925003
0.922587
0.922932
0.923686
0.924127
0.924991
0.927509
0.932546
1.10704
1.11403
1.11968
1.12326
1.12464
1.1244
1.12369
1.12375
1.12571
1.13059
1.13902
1.15054
1.16319
1.17429
1.18186
1.18533
1.18544
1.18372
1.18184
1.18121
1.18247
1.18523
1.18838
1.19059
1.19098
1.1894
1.18654
1.18365
1.18217
1.18299
1.18595
1.18975
1.19242
1.19207
1.18746
1.17831
1.16525
1.14971
1.13358
1.11877
1.10679
1.09845
1.09357
1.09096
1.08869
1.08476
1.078
1.06887
1.05982
1.05459
1.05654
1.06704
1.08503
1.10804
1.13317
1.15775
1.17947
1.19666
1.20852
1.21511
1.21748
1.21747
1.2173
1.21877
1.22265
1.22863
1.23576
1.24296
1.24942
1.25453
1.2579
1.2593
1.25872
1.25637
1.25263
1.2479
1.24237
1.23581
1.22766
1.21722
1.20414
1.18869
1.17179
1.15485
1.13961
1.1279
1.12125
1.12034
1.1247
1.13291
1.14302
1.15297
1.16096
1.16571
1.16679
1.16461
1.16006
1.15397
1.14683
1.13885
1.09196
1.08357
1.07532
1.0672
1.05927
1.05168
1.04469
1.03875
1.03444
1.03246
1.03338
1.03733
1.04386
1.05214
1.06147
1.07165
1.08305
1.09591
1.10975
1.12339
1.1356
1.14574
1.15371
1.15964
1.16371
1.16613
1.16691
1.16577
1.16228
1.15632
1.14839
1.13974
1.13214
1.12737
1.12663
1.12998
1.13629
1.1436
1.14985
1.1534
1.15339
1.14983
1.1434
1.13524
1.12663
1.11878
1.11267
1.10897
1.10806
1.11006
1.11489
1.12225
1.13166
1.1422
1.15251
1.1606
1.16421
1.16153
1.15218
1.13801
1.1227
1.1098
1.10054
1.09382
1.08841
1.08461
1.084
1.08772
1.0949
1.10273
1.10754
1.10616
1.09695
1.08066
1.06042
1.04061
1.02526
1.01649
1.01336
1.01265
1.01132
1.00824
1.00428
1.0014
1.00178
1.00666
1.01552
1.02627
1.03644
1.04471
1.05163
1.05943
1.07053
1.08579
1.10367
1.12121
1.13581
1.14623
1.15267
1.15628
1.10244
1.10625
1.11224
1.12052
1.1304
1.14058
1.14948
1.15558
1.15768
1.15536
1.14929
1.14112
1.13296
1.12622
1.12101
1.11642
1.11166
1.10713
1.10461
1.10632
1.11326
1.12446
1.13771
1.15108
1.16337
1.17368
1.18089
1.18382
1.18168
1.17444
1.16294
1.14878
1.13387
1.11997
1.10834
1.09969
1.09419
1.0916
1.09133
1.09258
1.09449
1.0964
1.09798
1.09934
1.10107
1.10396
1.1086
1.1149
1.12198
1.12844
1.13296
1.13471
1.13347
1.12951
1.12355
1.11676
1.11074
1.10713
1.10697
1.10993
1.11421
1.11741
1.1178
1.11529
1.1114
1.1083
1.10747
1.10876
1.11054
1.11094
1.10899
1.10511
1.10057
1.09669
1.09432
1.09394
1.09591
1.1004
1.10699
1.11472
1.12251
1.12948
1.13488
1.13786
1.13742
1.13259
1.12269
1.10776
1.08882
1.06799
1.04824
1.03272
1.02398
1.02328
1.03042
1.0439
1.06143
1.08062
1.09957
1.11704
1.11429
1.12698
1.1365
1.14177
1.14172
1.13596
1.12566
1.11394
1.10495
1.10177
1.10447
1.11032
1.11586
1.11883
1.11863
1.11553
1.10992
1.10214
1.09267
1.0823
1.07214
1.0633
1.05663
1.05257
1.05113
1.05205
1.05494
1.05926
1.06424
1.0688
1.07165
1.07154
1.06761
1.05961
1.04796
1.03372
1.01841
1.00401
0.992915
0.987706
0.990495
1.00203
1.02116
1.04511
1.07026
1.09291
1.11001
1.11954
1.12085
1.11482
1.10379
1.0912
1.08076
1.07538
1.07626
1.08284
1.09356
1.10647
1.11944
1.13038
1.13753
1.13979
1.13672
1.12845
1.11554
1.09896
1.08016
1.06108
1.0441
1.03175
1.02606
1.02801
1.03739
1.05289
1.07236
1.09309
1.11215
1.1268
1.13497
1.13567
1.12935
1.11803
1.1048
1.0925
1.08249
1.07476
1.06903
1.06568
1.06575
1.0703
1.07964
1.09313
1.10924
1.12601
1.14155
1.15425
1.16289
1.16664
1.16494
1.15762
