-6.36314
-6.35821
-6.34963
-6.33657
-6.31791
-6.29244
-6.2609
-6.21894
-6.16874
-6.10817
-6.03806
-5.95872
-5.87217
-5.78065
-5.69204
-5.6101
-5.5398
-5.48452
-5.44731
-5.42797
-5.42331
-5.43259
-5.44949
-5.47313
-5.49918
-5.52628
-5.55119
-5.57537
-5.59431
-5.6109
-5.62379
-5.63241
-5.63784
-5.6409
-5.64172
-5.6383
-5.63086
-5.62124
-5.60959
-5.59621
-5.58313
-5.57168
-5.56177
-5.55618
-5.55423
-5.55552
-5.56287
-5.57148
-5.58186
-5.59263
-5.6025
-5.61035
-5.61557
-5.61707
-5.61602
-5.61379
-5.61034
-5.60536
-5.60131
-5.59848
-5.59752
-5.59793
-5.60026
-5.60358
-5.60721
-5.61106
-5.61448
-5.61726
-5.61953
-5.61998
-5.61854
-5.61566
-5.61143
-5.60517
-5.59708
-5.58902
-5.58084
-5.57329
-5.56837
-5.56452
-5.56258
-5.56103
-5.55978
-5.5588
-5.55758
-5.55633
-5.55295
-5.54887
-5.54489
-5.53935
-5.5339
-5.52956
-5.52749
-5.52781
-5.53114
-5.53581
-5.54112
-5.54733
-5.55431
-5.56019
-5.56204
-5.5542
-5.53627
-5.50894
-5.47223
-5.4285
-5.38268
-5.33748
-5.29753
-5.26411
-5.23758
-5.21925
-5.20798
-5.20096
-5.19857
-5.19869
-5.20061
-5.20293
-5.20409
-5.20335
-5.20146
-5.19877
-5.20015
-5.20793
-5.22595
-5.25273
-5.28669
-5.32132
-5.35239
-5.37267
-5.3844
-5.38615
-5.38109
-5.37332
-5.36284
-5.35354
-5.34621
-5.34108
-5.33795
-5.33579
-5.33272
-5.3287
-5.32093
-5.31015
-5.29802
-5.28549
-5.27281
-5.26168
-5.24974
-5.24063
-5.23354
-5.23009
-5.22965
-5.23145
-5.23627
-5.24271
-5.25119
-5.26173
-5.27319
-5.28443
-5.29258
-5.29846
-5.29958
-5.29637
-5.28634
-5.27245
-5.25594
-5.23949
-5.2272
-5.21955
-5.21661
-5.21878
-5.21872
-5.21596
-5.20902
-5.20062
-5.18972
-5.17532
-5.15781
-5.14096
-5.12269
-5.10548
-5.09347
-5.0891
-5.09377
-5.10478
-5.12053
-5.13467
-5.14388
-5.14795
-5.14777
-5.14349
-5.13837
-5.13408
-5.13276
-5.13592
-5.14309
-5.1553
-5.16943
-5.18561
-5.20511
-5.21832
-5.2266
-5.23281
-5.23731
-5.24098
-5.24721
-5.25348
-5.2598
-5.26436
-5.26751
-5.2678
-5.26556
-5.25966
-5.25099
-5.23805
-5.21995
-5.19397
-5.15897
-5.11577
-5.0702
-5.02624
-4.98993
-4.96447
-4.95043
-4.94594
-4.95187
-4.96234
-4.97386
-4.98036
-4.97976
-4.97262
-4.96386
-4.95484
-4.95266
-4.95896
-4.97537
-4.99931
-5.02763
-5.05651
-5.08266
-5.10595
-5.12586
-5.14418
-5.1585
-5.1712
-5.18062
-5.18442
-5.18174
-5.17324
-5.15915
-5.14101
-5.12373
-5.10906
-5.09827
-5.09148
-5.08795
-5.08811
-5.0888
-5.08972
-5.08959
-5.09218
-5.09481
-5.09886
-5.10555
-5.11228
-5.12046
-5.12891
-5.13644
-5.14401
-5.15415
-5.16526
-5.17717
-5.19006
-5.19977
-5.2074
-5.211
-5.21179
-5.21098
-5.2089
-5.20595
-5.20289
-5.19983
-5.19698
-5.19747
-5.19846
-5.20162
-5.20555
-5.21139
-5.21723
-5.22319
-5.22895
-5.23166
-5.23073
-5.22455
-5.21429
-5.19963
-5.18571
-5.1748
-5.16612
-5.15905
-5.15057
-5.1404
-5.12903
-5.11711
-5.10575
-5.09755
-5.09003
-5.0868
-5.0862
-5.091
-5.0996
-5.11268
-5.12456
-5.13225
-5.1357
-5.13108
-5.11866
-5.10077
-5.07855
-5.05281
-5.02748
-5.00584
-4.98785
-4.97489
-4.96815
-4.96763
-4.97277
-4.9833
-4.99802
-5.01324
-5.03133
-5.04914
-5.06724
-5.08205
-5.09362
-5.1006
-5.10315
-5.10409
-5.09994
-5.09423
-5.08771
-5.08573
-5.08715
-5.0939
-5.10172
-5.11361
-5.12763
-5.14494
-5.16521
-5.18456
-5.20033
-5.20946
-5.2089
-5.19923
-5.18006
-5.1523
-5.12258
-5.09061
-5.0622
-5.03888
-5.02307
-5.0149
-5.01061
-5.00979
-5.0113
-5.01566
-5.02301
-5.03279
-5.04465
-5.05815
-5.06911
-5.07274
-5.06947
-5.06099
-5.0563
-5.06397
-5.08565
-5.11407
-5.13913
-5.15291
-5.15497
-5.14741
-5.13188
-5.11151
-5.08716
-5.05936
-5.02787
-4.99405
-4.95944
-4.93102
-4.9105
-4.89973
-4.89582
-4.89562
-4.89701
-4.89872
-4.90169
-4.9058
-4.91346
-4.92621
-4.9364
-4.94431
-4.94904
-4.95232
-4.95075
-4.94956
-4.94926
-4.95288
-4.9604
-4.97373
-4.99194
-5.01102
-5.02665
-5.03708
-5.0411
-5.04043
-5.0374
-5.03545
-5.03431
-5.03693
-5.04077
-5.04513
-5.04881
-5.04864
-5.04663
-5.04177
-5.03757
-5.03685
-5.03905
-5.04268
-5.0494
-5.05277
-5.05091
-5.04287
-5.02833
-5.00811
-4.98412
-4.96091
-4.93917
-4.92203
-4.90946
-4.90364
-4.89963
-4.8958
-4.88923
-4.8791
-4.86536
-4.85224
-4.84451
-4.8484
-4.86569
-4.89438
-4.92925
-4.96704
-5.00362
-5.03591
-5.06169
-5.07866
-5.08813
-5.09102
-5.09099
-5.09057
-5.09311
-5.09899
-5.10746
-5.11883
-5.12973
-5.13864
-5.14547
-5.14963
-5.15218
-5.15238
-5.14877
-5.14254
-5.13593
-5.12613
-5.11672
-5.10388
-5.08709
-5.06723
-5.04482
-5.0186
-4.99393
-4.97177
-4.95472
-4.94559
-4.94493
-4.95156
-4.96504
-4.98002
-4.99552
-5.00724
-5.01382
-5.01476
-5.01137
-5.00442
-4.99449
-4.98486
-4.97276
-4.95686
-4.94353
-4.93117
-4.91812
-4.90626
-4.89478
-4.88442
-4.87752
-4.87091
-4.86834
-4.87003
-4.87609
-4.8862
-4.89898
-4.91279
-4.92822
-4.94568
-4.96486
-4.98584
-5.00692
-5.0251
-5.03983
-5.05282
-5.06158
-5.06667
-5.0699
-5.07157
-5.06847
-5.06197
-5.05162
-5.03966
-5.02747
-5.01638
-5.01098
-5.01021
-5.01639
-5.02645
-5.03634
-5.046
-5.05174
-5.05057
-5.04383
-5.03414
-5.02144
-5.00796
-4.99594
-4.98725
-4.98346
-4.98343
-4.98641
-4.9942
-5.00485
-5.01965
-5.03464
-5.05036
-5.06077
-5.06398
-5.05909
-5.04356
-5.0226
-5.00025
-4.98294
-4.97031
-4.96108
-4.95374
-4.94915
-4.94869
-4.95536
-4.96722
-4.97801
-4.98373
-4.981
-4.96524
-4.93935
-4.90875
-4.88006
-4.8575
-4.84472
-4.84079
-4.84011
-4.83817
-4.83484
-4.8289
-4.82614
-4.82703
-4.83458
-4.84847
-4.86437
-4.87833
-4.89059
-4.90108
-4.91297
-4.92994
-4.95324
-4.97901
-5.00473
-5.0253
-5.04029
-5.04927
-5.0544
-5.05872
-5.06396
-5.07392
-5.0877
-5.10311
-5.11845
-5.13043
-5.13829
-5.14108
-5.13788
-5.12847
-5.11518
-5.10413
-5.09398
-5.08769
-5.08263
-5.07592
-5.06852
-5.06599
-5.06931
-5.08018
-5.0979
-5.1188
-5.13831
-5.15577
-5.16994
-5.18003
-5.18431
-5.18016
-5.16783
-5.14961
-5.12887
-5.10594
-5.08431
-5.06712
-5.05538
-5.04789
-5.04486
-5.04353
-5.04586
-5.04877
-5.05099
-5.05345
-5.05581
-5.05761
-5.06158
-5.06866
-5.07861
-5.08938
-5.09932
-5.10693
-5.10821
-5.10546
-5.09915
-5.0897
-5.078
-5.06937
-5.06398
-5.06518
-5.06951
-5.07534
-5.07995
-5.08065
-5.07701
-5.07159
-5.06646
-5.06514
-5.06758
-5.07002
-5.0709
-5.06763
-5.06266
-5.05647
-5.05144
-5.04785
-5.04806
-5.0523
-5.05971
-5.06908
-5.08076
-5.09206
-5.10218
-5.11104
-5.11447
-5.11352
-5.10524
-5.08977
-5.06698
-5.03841
-5.00711
-4.97715
-4.9543
-4.94234
-4.94311
-4.954
-4.97545
-5.00276
-5.03162
-5.05988
-5.08536
-5.11045
-5.12982
-5.14399
-5.15026
-5.14993
-5.13942
-5.12335
-5.10589
-5.09313
-5.08872
-5.09363
-5.10258
-5.11061
-5.11582
-5.11445
-5.10924
-5.10048
-5.08837
-5.0735
-5.05684
-5.04324
-5.0295
-5.02031
-5.01523
-5.0133
-5.01441
-5.01885
-5.02533
-5.03221
-5.03934
-5.04415
-5.04317
-5.03665
-5.02376
-5.00612
-4.98327
-4.95999
-4.93902
-4.92263
-4.9165
-4.92199
-4.93995
-4.96929
-5.00581
-5.04309
-5.07642
-5.10044
-5.11411
-5.11563
-5.10474
-5.08786
-5.06859
-5.05202
-5.04456
-5.04741
-5.05909
-5.07638
-5.0956
-5.11489
-5.1319
-5.1424
-5.14485
-5.13779
-5.12554
-5.1054
-5.08024
-5.05184
-5.02231
-4.99708
-4.97913
-4.9726
-4.97654
-4.99194
-5.0164
-5.04629
-5.07704
-5.1053
-5.12778
-5.13986
-5.13948
-5.12922
-5.11248
-5.09202
-5.07264
-5.05829
-5.04671
-5.03798
-5.03307
-5.03379
-5.04118
-5.0565
-5.07694
-5.10133
-5.12689
-5.14972
-5.16808
-5.18142
-5.187
-5.18301
-5.17061
