-4.71444
-4.7141
-4.71371
-4.71296
-4.71139
-4.70865
-4.70656
-4.70193
-4.6981
-4.69389
-4.69059
-4.68801
-4.6863
-4.68427
-4.68491
-4.68626
-4.68794
-4.68932
-4.69139
-4.69396
-4.69554
-4.69817
-4.6988
-4.69986
-4.70004
-4.70046
-4.69982
-4.70088
-4.69993
-4.70018
-4.70028
-4.6995
-4.69873
-4.69872
-4.69961
-4.69945
-4.69839
-4.69798
-4.6978
-4.69727
-4.6973
-4.69807
-4.6982
-4.69934
-4.69993
-4.69931
-4.70072
-4.70048
-4.70055
-4.70094
-4.70153
-4.70206
-4.7024
-4.70168
-4.70099
-4.70126
-4.70177
-4.70131
-4.7014
-4.70154
-4.70188
-4.70175
-4.7019
-4.70184
-4.70142
-4.7011
-4.70074
-4.70049
-4.70082
-4.70068
-4.70021
-4.70003
-4.7003
-4.70029
-4.69988
-4.70029
-4.70051
-4.70035
-4.70114
-4.70116
-4.70158
-4.70149
-4.70135
-4.70149
-4.7016
-4.70215
-4.7013
-4.70074
-4.70127
-4.70079
-4.70025
-4.69979
-4.69985
-4.70008
-4.70105
-4.70138
-4.70088
-4.70047
-4.70075
-4.7005
-3.90923
-3.90849
-3.90807
-3.90819
-3.90758
-3.90634
-3.90622
-3.90618
-3.90734
-3.90853
-3.909
-3.91017
-3.91168
-3.91187
-3.91238
-3.91245
-3.9127
-3.91297
-3.91285
-3.91237
-3.91227
-3.91149
-3.91197
-3.91235
-3.91365
-3.91418
-3.91534
-3.91577
-3.91664
-3.91465
-3.91382
-3.91236
-3.91147
-3.91239
-3.91222
-3.91253
-3.91277
-3.91284
-3.91299
-3.91316
-3.91276
-3.91299
-3.91196
-3.91065
-3.91018
-3.91044
-3.9105
-3.91122
-3.90985
-3.90985
-3.91007
-3.91142
-3.91265
-3.91283
-3.91296
-3.91213
-3.91125
-3.91091
-3.91078
-3.91082
-3.90951
-3.90911
-3.90846
-3.90881
-3.90783
-3.90761
-3.90748
-3.90735
-3.90839
-3.90908
-3.90949
-3.91205
-3.91223
-3.91179
-3.91026
-3.91042
-3.9109
-3.9105
-3.90938
-3.91076
-3.91126
-3.91113
-3.9116
-3.91243
-3.91373
-3.91387
-3.91465
-3.91409
-3.91252
-3.91135
-3.91107
-3.91009
-3.90948
-3.9089
-3.90878
-3.90935
-3.90963
-3.9109
-3.91087
-3.9106
-3.53797
-3.53737
-3.53621
-3.53653
-3.53706
-3.5367
-3.53748
-3.53681
-3.53599
-3.53486
-3.53501
-3.53545
-3.53637
-3.5364
-3.53666
-3.53664
-3.53704
-3.53684
-3.53587
-3.53407
-3.53393
-3.53421
-3.53556
-3.53746
-3.53896
-3.53851
-3.53911
-3.53879
-3.53903
-3.53816
-3.53658
-3.5347
-3.53485
-3.53412
-3.53487
-3.53526
-3.53589
-3.53605
-3.53626
-3.53659
-3.53643
-3.5367
-3.53659
-3.53716
-3.5356
-3.53484
-3.53453
-3.53392
-3.53326
-3.53326
-3.53298
-3.53176
-3.53185
-3.53261
-3.53363
-3.53436
-3.53439
-3.53534
-3.53555
-3.53584
-3.53523
-3.53698
-3.53746
-3.53737
-3.53786
-3.5369
-3.53677
-3.53691
-3.53617
-3.53504
-3.53547
-3.53558
-3.53563
-3.53676
-3.53609
-3.53594
-3.535
-3.53441
-3.53467
-3.53517
-3.53545
-3.53563
-3.53539
-3.53458
-3.53593
-3.53624
-3.53702
-3.53688
-3.53729
-3.53688
-3.53654
-3.53697
-3.53678
-3.53705
-3.53728
-3.53825
-3.53753
-3.53738
-3.53797
-3.53805
-3.51596
-3.51509
-3.51402
-3.51329
-3.51269
-3.51206
-3.513
-3.51249
-3.51356
-3.51367
-3.51474
-3.51501
-3.51643
-3.516
-3.51419
-3.51381
-3.5126
-3.51099
-3.51042
-3.51035
-3.50933
-3.50871
-3.50949
-3.50996
-3.51036
-3.51113
-3.5119
-3.51232
-3.51293
-3.51371
-3.51226
-3.51218
-3.51167
-3.51268
-3.51297
-3.5135
-3.51327
-3.51231
-3.51319
-3.51201
-3.51143
-3.51032
-3.51157
-3.51217
-3.5139
-3.51355
-3.51485
-3.51561
-3.51652
-3.51788
-3.51817
-3.51811
-3.51791
-3.51681
-3.51629
-3.51558
-3.51391
-3.51499
-3.5148
-3.51528
-3.51492
-3.51488
-3.5159
-3.51598
-3.51639
-3.51677
-3.5175
-3.51814
-3.51785
-3.51698
-3.51704
-3.51693
-3.51503
-3.51356
-3.5124
-3.51329
-3.51497
-3.51562
-3.5153
-3.51508
-3.51391
-3.51265
-3.51179
-3.51054
-3.51006
-3.50997
-3.51021
-3.51008
-3.50981
-3.50864
-3.50986
-3.51111
-3.51223
-3.51194
-3.51122
-3.51148
-3.51253
-3.5142
-3.51454
-3.51464
-3.26565
-3.26536
-3.26479
-3.26415
-3.26536
-3.26414
-3.26403
-3.26363
-3.2643
-3.26451
-3.26519
-3.26614
-3.26624
-3.26521
-3.26429
-3.26311
-3.26226
-3.26183
-3.26268
-3.26249
-3.26322
-3.26292
-3.26256
-3.26294
-3.26218
-3.26252
-3.26197
-3.26209
-3.2636
-3.26457
-3.26375
-3.26478
-3.26414
-3.26281
-3.26167
-3.26087
-3.26023
-3.25955
-3.26053
-3.26102
-3.26184
-3.26179
-3.26329
-3.26319
-3.26276
-3.26208
-3.2621
-3.26205
-3.2625
-3.26263
-3.26358
-3.26513
-3.26683
-3.26719
-3.26728
-3.267
-3.26671
-3.2667
-3.26588
-3.26546
-3.26481
-3.26478
-3.26462
-3.26496
-3.26502
-3.26451
-3.2652
-3.26528
-3.26451
-3.26367
-3.26278
-3.26323
-3.26431
-3.26422
-3.2636
-3.26407
-3.26259
-3.263
-3.2624
-3.26126
-3.26101
-3.26178
-3.26091
-3.26165
-3.26235
-3.26287
-3.26371
-3.26441
-3.2645
-3.26568
-3.26549
-3.26607
-3.2658
-3.26526
-3.26457
-3.26445
-3.26432
-3.26354
-3.26461
-3.26449
-3.31891
-3.31817
-3.31819
-3.31731
-3.31735
-3.31727
-3.31739
-3.3194
-3.31925
-3.31965
-3.31996
-3.32009
-3.32042
-3.32076
-3.32059
-3.32074
-3.3211
-3.321
-3.32121
-3.32183
-3.3217
-3.32122
-3.32226
-3.32212
-3.32111
-3.32071
-3.32121
-3.31983
-3.31855
-3.31714
-3.31708
-3.31786
-3.31817
-3.31993
-3.32027
-3.32142
-3.32202
-3.32093
-3.32123
-3.32164
-3.32048
-3.31908
-3.31904
-3.31858
-3.31801
-3.31776
-3.31824
-3.32
-3.32134
-3.32132
-3.32187
-3.32146
-3.32216
-3.32133
-3.3216
-3.31987
-3.31767
-3.3168
-3.31528
-3.31559
-3.3162
-3.31824
-3.31949
-3.32035
-3.32113
-3.32224
-3.32269
-3.32379
-3.32487
-3.32391
-3.32242
-3.32176
-3.31982
-3.31837
-3.31812
-3.31915
-3.3196
-3.31999
-3.32075
-3.32113
-3.32119
-3.32247
-3.32248
-3.32404
-3.32436
-3.32459
-3.3252
-3.32496
-3.32367
-3.32353
-3.32363
-3.32383
-3.32415
-3.32455
-3.32351
-3.32292
-3.32158
-3.32094
-3.32027
-3.31997
-3.40506
-3.40459
-3.40555
-3.40692
-3.40752
-3.40758
-3.40621
-3.40492
-3.40456
-3.40483
-3.40454
-3.40349
-3.40469
-3.40465
-3.40618
-3.408
-3.40842
-3.40782
-3.40907
-3.40983
-3.41028
-3.4112
-3.41224
-3.41169
-3.41071
-3.40941
-3.4087
-3.40858
-3.40764
-3.40617
-3.40519
-3.4057
-3.40514
-3.40435
-3.40461
-3.40584
-3.4066
-3.40745
-3.40653
-3.40699
-3.40703
-3.40639
-3.40648
-3.40679
-3.406
-3.40563
-3.40576
-3.40626
-3.40641
-3.40666
-3.4075
-3.40614
-3.40525
-3.40489
-3.40437
-3.40286
-3.40326
-3.40328
-3.40472
-3.40462
-3.40402
-3.40383
-3.40396
-3.40407
-3.4045
-3.40401
-3.40393
-3.40444
-3.4042
-3.40449
-3.40414
-3.405
-3.40562
-3.40641
-3.40637
-3.40716
-3.40844
-3.4091
-3.40859
-3.40867
-3.4083
-3.40797
-3.40872
-3.40768
-3.40739
-3.40636
-3.40573
-3.40533
-3.40518
-3.40512
-3.4048
-3.40521
-3.40637
-3.4082
-3.40837
-3.4096
-3.41061
-3.41068
-3.41053
-3.4098
-3.43901
-3.43935
-3.43924
-3.43761
-3.43735
-3.43548
-3.43486
-3.43498
-3.43571
-3.43606
-3.43692
-3.4371
-3.43682
-3.43757
-3.4365
-3.43594
-3.43559
-3.43515
-3.4345
-3.43339
-3.43503
-3.43455
-3.43537
-3.43638
-3.4366
-3.43633
-3.43643
-3.43644
-3.43585
-3.43614
-3.43668
-3.43585
-3.43524
-3.43435
-3.43417
-3.43269
-3.43238
-3.433
-3.43326
-3.43494
-3.43625
-3.43691
-3.43755
-3.43814
-3.4377
-3.43706
-3.43543
-3.43481
-3.43436
-3.43251
-3.43218
-3.4318
-3.43088
-3.43149
-3.43302
-3.43482
-3.43604
-3.4359
-3.43573
-3.43633
-3.4361
-3.43517
-3.43271
-3.43287
-3.43209
-3.4318
-3.43161
-3.4307
-3.43092
-3.4315
-3.43351
-3.43452
-3.43585
-3.43707
-3.43776
-3.4374
-3.43707
-3.43758
-3.4374
-3.43597
-3.4352
-3.43544
-3.43481
-3.43389
-3.43456
-3.43457
-3.43443
-3.43456
-3.43516
-3.43573
-3.43703
-3.43724
-3.43748
-3.43787
-3.43739
-3.43671
-3.43708
-3.43705
-3.4356
-3.43417
