1.6487
1.64411
1.63592
1.62361
1.60652
1.58379
1.55435
1.51701
1.47064
1.41428
1.34747
1.27071
1.18587
1.09638
1.00714
0.92384
0.851855
0.795198
0.755923
0.734007
0.727766
0.734421
0.750696
0.773268
0.799137
0.825814
0.851374
0.874487
0.894375
0.910721
0.923508
0.932914
0.939111
0.942183
0.942108
0.938849
0.932474
0.923259
0.911787
0.898948
0.885823
0.873611
0.86357
0.856845
0.854294
0.856211
0.862147
0.870995
0.881315
0.891695
0.900962
0.908293
0.913168
0.915383
0.915029
0.912527
0.908568
0.90405
0.89991
0.896933
0.89564
0.89618
0.89836
0.901745
0.905792
0.909952
0.913743
0.916768
0.918707
0.919301
0.918328
0.915631
0.911125
0.904876
0.897208
0.888729
0.880332
0.872945
0.86723
0.863365
0.861004
0.859541
0.858431
0.857317
0.855975
0.854185
0.851652
0.848125
0.843626
0.838559
0.833653
0.829767
0.827644
0.827727
0.830085
0.834435
0.840242
0.846855
0.853569
0.85969
1.6528
1.64571
1.6282
1.60075
1.56465
1.52216
1.47646
1.4313
1.39019
1.35559
1.32858
1.30908
1.29629
1.28909
1.28619
1.28624
1.28791
1.28996
1.29124
1.29098
1.2892
1.28728
1.28819
1.29559
1.3123
1.33855
1.37135
1.40555
1.43575
1.45802
1.47058
1.47379
1.46962
1.46092
1.45062
1.44101
1.43344
1.42824
1.42497
1.42263
1.41996
1.4157
1.40896
1.3995
1.38784
1.37505
1.36231
1.35046
1.33989
1.33077
1.32347
1.31868
1.31699
1.31863
1.32331
1.33058
1.33994
1.35082
1.36241
1.37361
1.38307
1.38935
1.39113
1.38756
1.37851
1.36484
1.34846
1.33214
1.31881
1.31048
1.30712
1.30673
1.30649
1.30417
1.29876
1.29021
1.27881
1.26482
1.24844
1.23021
1.21143
1.19435
1.18187
1.17667
1.18005
1.19091
1.20588
1.22057
1.23137
1.2366
1.2367
1.2334
1.22889
1.22517
1.22398
1.22656
1.23346
1.24439
1.25856
1.27501
1.66713
1.68095
1.69039
1.69627
1.70026
1.70428
1.70973
1.71666
1.72381
1.72951
1.7325
1.73235
1.72919
1.72326
1.71433
1.70141
1.68292
1.65713
1.6231
1.5817
1.53627
1.49203
1.45437
1.42701
1.41147
1.40742
1.41276
1.42355
1.43483
1.4422
1.44319
1.43792
1.42901
1.42072
1.41778
1.4237
1.43948
1.46326
1.49137
1.51992
1.54624
1.56925
1.58926
1.60702
1.6229
1.63636
1.64609
1.6505
1.64848
1.63998
1.62617
1.60925
1.59187
1.57645
1.56465
1.55713
1.55356
1.55276
1.55325
1.55388
1.55435
1.5552
1.55735
1.56148
1.56769
1.57537
1.58369
1.592
1.60027
1.60897
1.61869
1.62967
1.64154
1.65331
1.66368
1.67147
1.676
1.67738
1.67631
1.67373
1.6705
1.66726
1.66444
1.6624
1.66155
1.66222
1.6646
1.66867
1.6741
1.68035
1.68666
1.69199
1.69488
1.69368
1.68727
1.67604
1.6621
1.64833
1.63684
1.62807
1.64309
1.63548
1.62638
1.61574
1.60441
1.5937
1.58455
1.57754
1.57324
1.57254
1.57626
1.58458
1.59626
1.60855
1.61806
1.62189
1.61848
1.60767
1.59035
1.56819
1.54348
1.51877
1.49634
1.47789
1.46452
1.45702
1.45573
1.46045
1.47038
1.48431
1.50099
1.51915
1.53747
1.55456
1.56909
1.58012
1.58734
1.59084
1.59091
1.58793
1.5828
1.57738
1.57416
1.57499
1.58
1.58817
1.59876
1.61202
1.62842
1.64733
1.6664
1.68222
1.69154
1.69209
1.68294
1.66447
1.6384
1.60759
1.5758
1.54692
1.52396
1.50819
1.499
1.49463
1.49341
1.49454
1.49816
1.50487
1.51494
1.52768
1.54111
1.55218
1.55771
1.55592
1.54859
1.54301
1.549
1.57003
1.59877
1.62404
1.63901
1.64231
1.63562
1.62134
1.60145
1.57719
1.54915
1.51779
1.48424
1.4508
1.42116
1.39939
1.3875
1.38388
1.3844
1.38553
1.38619
1.38749
1.39126
1.39882
1.66056
1.67104
1.67951
1.6849
1.68696
1.6866
1.68554
1.68563
1.68857
1.69589
1.70853
1.72581
1.74478
1.76144
1.77279
1.77799
1.77816
1.77557
1.77277
1.77182
1.77371
1.77785
1.78256
1.78588
1.78646
1.7841
1.7798
1.77548
1.77325
1.77449
1.77893
1.78462
1.78862
1.7881
1.7812
1.76746
1.74788
1.72457
1.70037
1.67815
1.66019
1.64768
1.64035
1.63644
1.63304
1.62715
1.617
1.60331
1.58973
1.58188
1.58482
1.60056
1.62755
1.66206
1.69976
1.73662
1.7692
1.79499
1.81278
1.82267
1.82622
1.82621
1.82595
1.82815
1.83397
1.84295
1.85364
1.86445
1.87413
1.8818
1.88685
1.88895
1.88808
1.88455
1.87895
1.87185
1.86355
1.85372
1.84149
1.82583
1.80622
1.78304
1.75768
1.73228
1.70942
1.69185
1.68187
1.68051
1.68705
1.69936
1.71452
1.72946
1.74144
1.74856
1.75019
1.74692
1.74009
1.73095
1.72025
1.70827
1.63794
1.62536
1.61298
1.60081
1.58891
1.57752
1.56704
1.55812
1.55166
1.54869
1.55007
1.556
1.56579
1.57821
1.5922
1.60748
1.62458
1.64386
1.66463
1.68509
1.70341
1.71861
1.73056
1.73946
1.74557
1.74919
1.75036
1.74865
1.74342
1.73448
1.72258
1.70961
1.6982
1.69105
1.68994
1.69497
1.70444
1.7154
1.72477
1.7301
1.73009
1.72475
1.7151
1.70286
1.68994
1.67818
1.66901
1.66346
1.66209
1.66509
1.67233
1.68338
1.69748
1.71331
1.72877
1.7409
1.74632
1.74229
1.72828
1.70702
1.68405
1.6647
1.65082
1.64074
1.63262
1.62692
1.626
1.63158
1.64235
1.65409
1.66131
1.65924
1.64542
1.62098
1.59063
1.56091
1.53789
1.52473
1.52004
1.51898
1.51697
1.51236
1.50641
1.5021
1.50267
1.50998
1.52328
1.5394
1.55466
1.56706
1.57745
1.58914
1.60579
1.62869
1.6555
1.68181
1.70372
1.71935
1.72901
1.73442
1.65366
1.65937
1.66836
1.68079
1.6956
1.71087
1.72422
1.73337
1.73652
1.73305
1.72393
1.71169
1.69944
1.68933
1.68151
1.67463
1.6675
1.6607
1.65692
1.65947
1.66989
1.68669
1.70656
1.72662
1.74506
1.76053
1.77133
1.77573
1.77252
1.76166
1.74441
1.72317
1.7008
1.67996
1.66251
1.64954
1.64128
1.6374
1.637
1.63887
1.64174
1.6446
1.64697
1.64902
1.65161
1.65594
1.6629
1.67236
1.68297
1.69266
1.69943
1.70207
1.70021
1.69427
1.68533
1.67514
1.66611
1.6607
1.66046
1.66489
1.67132
1.67612
1.6767
1.67294
1.6671
1.66245
1.6612
1.66313
1.66582
1.66641
1.66349
1.65766
1.65085
1.64504
1.64148
1.6409
1.64386
1.6506
1.66049
1.67209
1.68376
1.69421
1.70232
1.70679
1.70613
1.69889
1.68404
1.66165
1.63323
1.60198
1.57236
1.54909
1.53597
1.53491
1.54562
1.56585
1.59215
1.62093
1.64935
1.67557
1.67144
1.69047
1.70474
1.71265
1.71258
1.70394
1.68849
1.6709
1.65742
1.65266
1.65671
1.66549
1.67379
1.67825
1.67795
1.67329
1.66489
1.65322
1.639
1.62345
1.60821
1.59495
1.58494
1.57885
1.5767
1.57808
1.58242
1.58889
1.59636
1.6032
1.60747
1.60731
1.60141
1.58941
1.57195
1.55058
1.52762
1.50601
1.48937
1.48156
1.48574
1.50304
1.53174
1.56767
1.60539
1.63936
1.66501
1.6793
1.68127
1.67223
1.65568
1.63679
1.62114
1.61308
1.61439
1.62426
1.64034
1.6597
1.67916
1.69557
1.7063
1.70968
1.70508
1.69267
1.67331
1.64844
1.62023
1.59162
1.56616
1.54763
1.53909
1.54202
1.55609
1.57933
1.60853
1.63963
1.66823
1.6902
1.70246
1.70351
1.69402
1.67704
1.6572
1.63874
1.62373
1.61214
1.60355
1.59852
1.59863
1.60544
1.61947
1.6397
1.66385
1.68902
1.71233
1.73137
1.74434
1.74995
1.74741
1.73643
