0.274788   -0.15523   -0.362596
-0.185578   0.182926   -0.120827
0.031623   0.0898906   -0.358232
-0.220846   -0.305089   -0.285815
-0.0650853   -0.291427   0.33958
-0.169393   -0.494281   -0.471654
0.21875   -0.146584   -0.0148306
-0.0427602   -0.387172   -0.466995
0.0576598   -0.323384   0.23927
0.396092   -0.463337   -0.00801832
0.362398   -0.394697   -0.00243501
0.0740571   0.217017   -0.393722
0.253526   -0.46705   0.306896
-0.308665   -0.342141   0.481962
0.496769   0.320025   -0.13359
0.031201   0.353999   -0.327147
0.246168   -0.165061   -0.229206
-0.424834   -0.143775   0.176824
0.359566   -0.371874   0.12978
-0.224444   0.0954364   0.421253
0.144873   0.478521   -0.463376
0.0668033   0.348851   0.200087
-0.0648357   0.05552   0.245317
-0.0558864   0.160203   0.496611
-0.383409   -0.458471   0.415303
0.36638   -0.267638   -0.460103
0.19861   -0.113146   0.150812
0.0118813   0.23071   -0.0117018
0.269194   0.37209   -0.0447304
0.118426   -0.226572   0.496008
-0.126495   0.0519126   -0.48275
-0.382744   -0.0801812   0.247843
0.488737   -0.168591   -0.248328
-0.409234   0.358524   -0.482719
0.303275   -0.0953567   -0.242174
-0.155428   -0.0868747   0.0982144
0.124681   -0.194828   -0.429143
-0.493003   0.497871   0.409169
0.0161775   0.0135896   0.362331
-0.312209   0.0527361   -0.208238
-0.0810952   0.161322   0.312427
0.211324   0.257962   0.0885672
0.360229   0.157403   -0.486292
0.371573   0.389954   0.218502
-0.162229   0.0560031   0.201417
-0.306874   -0.0542558   0.025459
0.218353   -0.0142128   -0.117892
0.137762   -0.181008   -0.185066
-0.0685281   0.11061   0.408725
-0.020766   -0.486199   -0.352692
0.428491   0.466603   -0.197727
-0.342392   0.328449   0.475592
-0.124187   0.271426   0.023705
-0.0322764   -0.267998   0.205397
0.172188   0.142283   0.453337
0.134235   -0.0162169   0.330063
-0.180547   -0.277775   -0.0391557
-0.482531   0.00241388   0.455693
-0.203366   -0.421317   -0.329437
0.224852   -0.346   -0.156466
0.115112   0.142591   0.0541105
-0.00413658   0.226648   -0.318676
-0.483307   0.498389   -0.4989
-0.289239   0.195617   -0.386308
0.34581   -0.0629668   -0.175533
-0.0414379   0.238962   0.0648908
-0.486897   0.0640684   -0.310827
-0.470978   -0.424701   0.121028
0.200338   0.0611402   -0.15054
-0.0356349   -0.204839   0.0877392
-0.0746416   -0.469522   -0.128651
0.220665   0.296926   -0.0651243
0.0098389   0.144124   -0.27032
0.00981747   -0.208801   -0.267154
0.30052   -0.167014   -0.470274
0.224749   0.164085   0.0257985
0.461222   0.347121   -0.365078
-0.385966   0.0704638   0.422001
0.230112   0.21526   -0.0433939
-0.34903   0.42015   -0.277567
0.347006   -0.141014   0.365489
-0.0193947   0.0132551   0.471883
0.130489   0.322869   -0.368913
-0.456399   -0.379044   -0.153402
0.420591   0.389582   -0.479511
0.0972681   0.281285   0.313668
-0.384901   0.174968   -0.156294
-0.294072   0.0981196   -0.28534
-0.421117   0.209234   0.120201
0.212397   0.28935   -0.409269
0.192448   -0.460144   0.378028
0.0852669   -0.258516   -0.315134
0.245694   -0.0546033   -0.176179
0.049028   0.275909   -0.461069
-0.00183878   -0.430925   0.273723
-0.0836703   -0.314869   -0.0717106
0.119789   0.278401   0.200693
0.372112   0.0507738   0.454188
-0.234756   -0.155068   -0.183942
0.154806   0.227544   -0.402738
-0.0394234   0.139317   -0.430992
-0.498722   0.201183   0.312257
-0.0285665   -0.47683   -0.239589
0.0349813   0.298968   -0.227709
-0.350338   -0.486457   0.256223
0.0528585   0.469584   0.2451
-0.116539   -0.36654   0.33821
0.113969   0.0980273   -0.176069
