          30           0           0           0           0
          30    0.064633           0           0           0
          30    0.129266           0           0           0
          30    0.193899           0           0           0
          30    0.258532           0           0           0
          30    0.323165           0           0           0
          30    0.387798           0           0           0
          30    0.452431           0           0           0
          30    0.517064           0           0           0
          30    0.581697           0           0           0
          30     0.64633           0           0           0
          30    0.710963           0           0           0
          30    0.775596           0           0           0
          30     0.84023           0 0.000678507 0.000192932
          30    0.904863    0.162961    0.146215   0.0027902
          30    0.969496     1.02195     1.06961  0.00866188
          30     1.03413     2.09154     2.02185   0.0110052
          30     1.09876      2.1516     2.25648   0.0182806
          30     1.16339     1.98337     2.07087   0.0136588
          30     1.22803     1.90001      1.8301   0.0118117
          30     1.29266      1.5613      1.6005   0.0121477
          30     1.35729     1.36611     1.44584  0.00815235
          30     1.42193      1.3194       1.323  0.00589855
          30     1.48656     1.22968     1.23495    0.004773
          30     1.55119     1.22227     1.19504  0.00539704
          30     1.61583     1.10682     1.14189  0.00485989
          30     1.68046     1.12185     1.11097  0.00578912
          30     1.74509     1.11392     1.08862  0.00493567
          30     1.80973     1.08094     1.07229  0.00406236
          30     1.87436     1.05029     1.05849  0.00453951
          30     1.93899     1.03794     1.06592  0.00410726
          30     2.00362     1.06791     1.04889  0.00470878
          30     2.06826     1.07348     1.06039  0.00398991
          30     2.13289     1.03039     1.04781  0.00330188
          30     2.19752     1.05113      1.0446  0.00432733
          30     2.26216     1.01561     1.03788  0.00404389
          30     2.32679      1.0402     1.03261  0.00363464
          30     2.39142     1.04539     1.02625  0.00381238
          30     2.45606     1.01668     1.02435  0.00333008
          30     2.52069     1.03106     1.01849  0.00316602
          30     2.58532     1.01924     1.01002  0.00267446
          30     2.64995     1.02902      1.0131  0.00323149
          30     2.71459     1.03302     1.00556  0.00262132
          30     2.77922    0.991494     1.00786  0.00258424
          30     2.84385      1.0116     1.00304  0.00239963
          30     2.90849     1.01645     1.00279    0.003111
          30     2.97312     1.01157    0.998646  0.00294385
          30     3.03775    0.991969    0.997635  0.00207071
          30     3.10239    0.997334     1.00154  0.00249628
          30     3.16702    0.993441    0.993632  0.00244139
          30     3.23165     1.00354      0.9941  0.00245527
          30     3.29629    0.986101    0.994727  0.00229006
          30     3.36092    0.982636    0.994496  0.00235084
          30     3.42555    0.997731    0.991019  0.00239916
          30     3.49018    0.975786    0.992003  0.00188278
          30     3.55482    0.984174    0.986582  0.00137296
          30     3.61945    0.995876    0.991167  0.00203258
          30     3.68408    0.984254     0.98723  0.00195545
          30     3.74872    0.993378    0.989096  0.00183718
          30     3.81335    0.988142    0.992603  0.00214486
          30     3.87798    0.991355    0.988742  0.00128805
          30     3.94262    0.979292    0.988397  0.00192812
          30     4.00725    0.981628    0.988496  0.00192998
          30     4.07188    0.978675    0.988657  0.00168289
          30     4.13651    0.988237    0.988716  0.00160483
          30     4.20115    0.977934    0.987837  0.00174827
          30     4.26578    0.991102    0.989132  0.00179545
          30     4.33041    0.980114     0.98899  0.00182696
          30     4.39505    0.969899    0.986557  0.00158883
          30     4.45968    0.980653    0.986263  0.00123838
          30     4.52431    0.987555    0.986798   0.0015882
          30     4.58895    0.988737    0.984597  0.00136234
          30     4.65358     0.97357    0.984516  0.00173836
          30     4.71821    0.976962    0.986971  0.00166251
          30     4.78285    0.982143    0.988455  0.00150422
          30     4.84748    0.982993    0.986339  0.00165195
          30     4.91211    0.981487    0.987186  0.00118585
          30     4.97674    0.981875    0.986585  0.00164405
          30     5.04138     0.98653    0.986519  0.00148582
          30     5.10601    0.983733    0.985984  0.00141164
          30     5.17064    0.991046    0.989056  0.00128609
          30     5.23528    0.984295    0.985103  0.00150065
          30     5.29991    0.982711    0.987501  0.00102188
          30     5.36454    0.990219    0.987868  0.00121532
          30     5.42918    0.993063    0.989515  0.00124425
          30     5.49381    0.971761    0.985485  0.00119439
          30     5.55844    0.987705    0.985423  0.00106796
          30     5.62307     0.98191    0.987381  0.00106433
          30     5.68771    0.976989    0.986098  0.00115381
          30     5.75234    0.988448    0.985011  0.00139616
          30     5.81697    0.972535    0.986359  0.00146241
          30     5.88161    0.981617     0.98577  0.00138447
          30     5.94624    0.999138    0.987513  0.00117651
          30     6.01087    0.981402    0.987168   0.0010607
          30     6.07551    0.987046    0.985816  0.00105615
          30     6.14014    0.987644    0.986295  0.00105202
          30     6.20477    0.983317    0.985115 0.000982743
          30      6.2694    0.980015    0.985518 0.000997668
          30     6.33404     0.99244    0.985611  0.00103157
          30     6.39867     0.98869    0.987491  0.00140157
