           1   -0.408588   -0.408588           0
           2   -0.415435   -0.412012  0.00242075
           3   -0.416011   -0.413345  0.00194653
           4    -0.41992   -0.414989  0.00203915
           5   -0.404608   -0.412913  0.00247169
           6   -0.414619   -0.413197  0.00207603
           7    -0.42101   -0.414313  0.00205775
           8   -0.402701   -0.412862  0.00225507
           9     -0.4201   -0.413666  0.00214312
          10   -0.416062   -0.413906  0.00194216
          11   -0.408256   -0.413392  0.00183224
          12   -0.421797   -0.414092  0.00180849
          13   -0.410311   -0.413802   0.0016926
          14   -0.402581      -0.413   0.0017512
          15   -0.426437   -0.413896  0.00184943
          16   -0.405485    -0.41337  0.00180701
          17   -0.409076   -0.413118  0.00171828
          18   -0.417101   -0.413339  0.00163701
          19   -0.416661   -0.413514  0.00156016
          20   -0.411045    -0.41339  0.00148703
          21   -0.415896    -0.41351    0.001421
          22   -0.410687   -0.413381  0.00136219
          23   -0.412775   -0.413355  0.00130322
          24   -0.405778   -0.413039  0.00128659
          25   -0.404156   -0.412684  0.00128326
          26    -0.40557    -0.41241  0.00126273
          27   -0.404216   -0.412107   0.0012519
          28   -0.421303   -0.412435  0.00124953
          29   -0.411163   -0.412391  0.00120721
          30   -0.407734   -0.412236  0.00117691
