           1   0.0488429   0.0488429           0
           2   0.0487111    0.048777 4.65756e-05
           3   0.0491924   0.0489155 0.000117255
           4   0.0492697    0.049004 0.000116677
           5   0.0495074   0.0491047 0.000129701
           6   0.0493518   0.0491459 0.000114433
           7   0.0490476   0.0491318 9.89434e-05
           8   0.0485937   0.0490646 0.000107024
           9   0.0493748   0.0490991 0.000100531
          10   0.0486151   0.0490507 0.000101461
          11   0.0494662   0.0490884 9.90212e-05
          12   0.0482667     0.04902  0.00011197
          13   0.0493756   0.0490473 0.000106646
          14   0.0490168   0.0490451 9.90508e-05
          15   0.0483829    0.049001 0.000101813
          16   0.0494778   0.0490308 9.97167e-05
          17    0.049228   0.0490424 9.45232e-05
          18   0.0490492   0.0490428 8.92727e-05
          19   0.0488612   0.0490332  8.5084e-05
          20   0.0496808   0.0490656 8.67727e-05
          21   0.0490753   0.0490661 8.26419e-05
          22   0.0483489   0.0490335 8.50717e-05
          23   0.0495479   0.0490558 8.42618e-05
          24   0.0498055   0.0490871 8.63473e-05
          25   0.0499859    0.049123 9.00689e-05
          26   0.0490808   0.0491214 8.66193e-05
          27     0.04879   0.0491091 8.42763e-05
          28   0.0491791   0.0491116 8.13035e-05
          29   0.0485094   0.0490909 8.11082e-05
          30   0.0492339   0.0490956 7.85446e-05
