           1   -0.965304   -0.965304           0
           2   -0.981144   -0.973224  0.00560029
           3   -0.976552   -0.974333  0.00384182
           4   -0.971808   -0.973702  0.00293278
           5   -0.969624   -0.972886  0.00245702
           6     -0.9688   -0.972205  0.00213983
           7    -0.96656   -0.971399  0.00198029
           8   -0.975104   -0.971862  0.00178609
           9   -0.978328    -0.97258   0.0017261
          10   -0.971896   -0.972512  0.00155484
          11   -0.973624   -0.972613  0.00141678
          12    -0.97256   -0.972609  0.00129872
          13   -0.973112   -0.972647  0.00119939
          14   -0.964048   -0.972033  0.00126124
          15   -0.976048   -0.972301  0.00120522
          16   -0.975472   -0.972499  0.00114608
          17   -0.971832    -0.97246  0.00107933
          18    -0.97996   -0.972876  0.00109685
          19   -0.977192   -0.973104  0.00106238
          20     -0.9806   -0.973478  0.00107335
          21   -0.978624   -0.973723  0.00104983
          22   -0.978256   -0.973929  0.00102213
          23   -0.979184   -0.974158   0.0010029
          24   -0.969656    -0.97397 0.000978493
          25   -0.971824   -0.973884 0.000943112
          26   -0.972552   -0.973833  0.00090823
          27    -0.97756   -0.973971 0.000885018
          28   -0.963528   -0.973598 0.000928682
          29   -0.973104   -0.973581 0.000896815
          30   -0.985296   -0.973972 0.000948132
          31   -0.975736   -0.974029 0.000919253
          32   -0.981984   -0.974277 0.000923532
          33   -0.982552   -0.974528 0.000928963
          34    -0.97868    -0.97465 0.000909632
          35   -0.962832   -0.974312 0.000944236
          36   -0.970432   -0.974205 0.000924139
          37   -0.978696   -0.974326 0.000907099
          38    -0.97252   -0.974279 0.000884472
          39    -0.97092   -0.974192 0.000865976
          40   -0.970792   -0.974107 0.000848489
          41      -0.976   -0.974154 0.000829049
          42   -0.974448   -0.974161 0.000809339
          43   -0.974672   -0.974172 0.000790605
          44   -0.972376   -0.974132  0.00077369
          45   -0.978992    -0.97424 0.000763999
          46   -0.967072   -0.974084 0.000763114
          47    -0.97888   -0.974186  0.00075367
          48   -0.976856   -0.974241 0.000740018
          49   -0.972232     -0.9742 0.000726051
          50     -0.9638   -0.973992 0.000740728
          51   -0.973568   -0.973984 0.000726251
          52   -0.975352    -0.97401 0.000712761
          53   -0.975272   -0.974034  0.00069971
          54   -0.973552   -0.974025 0.000686809
          55   -0.974832    -0.97404 0.000674478
          56   -0.968504   -0.973941 0.000669639
          57   -0.973184   -0.973928 0.000658023
          58   -0.972304     -0.9739 0.000647273
          59   -0.976512   -0.973944 0.000637815
          60   -0.970592   -0.973888 0.000629627
          61    -0.97076   -0.973837  0.00062139
          62   -0.965888   -0.973709 0.000624454
          63   -0.971264    -0.97367 0.000615747
          64   -0.978184    -0.97374 0.000610152
          65    -0.97216   -0.973716 0.000601249
          66   -0.975216   -0.973739 0.000592569
          67    -0.97924   -0.973821 0.000589385
          68    -0.97556   -0.973847 0.000581272
          69   -0.983064    -0.97398 0.000587998
          70   -0.972864   -0.973964 0.000579814
          71    -0.97532   -0.973983 0.000571962
          72   -0.969304   -0.973918 0.000567698
          73   -0.976192   -0.973949 0.000560775
          74   -0.975128   -0.973965 0.000553423
          75   -0.981864   -0.974071 0.000555975
          76   -0.972168   -0.974046 0.000549223
          77   -0.970288   -0.973997 0.000544254
          78   -0.969368   -0.973938 0.000540502
          79   -0.973328    -0.97393 0.000533715
          80   -0.972256   -0.973909 0.000527454
          81   -0.980336   -0.973988 0.000526876
          82   -0.975832   -0.974011 0.000520931
          83   -0.968832   -0.973948 0.000518377
          84   -0.973056   -0.973938 0.000512315
          85   -0.975504   -0.973956 0.000506619
          86    -0.98608   -0.974097 0.000519973
          87   -0.977552   -0.974137  0.00051551
          88   -0.976072   -0.974159 0.000510121
          89   -0.971168   -0.974125 0.000505495
          90   -0.969672   -0.974076 0.000502294
          91   -0.975632   -0.974093 0.000497065
          92   -0.971304   -0.974063 0.000492586
          93   -0.981808   -0.974146  0.00049428
          94   -0.965432   -0.974053 0.000497639
          95   -0.979168   -0.974107 0.000495304
          96    -0.98168   -0.974186 0.000496387
          97   -0.975528     -0.9742 0.000491463
          98   -0.964408     -0.9741   0.0004965
          99   -0.981152   -0.974171 0.000496569
         100   -0.972528   -0.974155 0.000491875
