           1    0.955048    0.955048           0
           2    0.912344    0.933696   0.0150981
           3    0.922516    0.929969   0.0105153
           4    0.906488    0.924099  0.00938308
           5    0.874188    0.914117   0.0116646
           6    0.771264    0.890308    0.023809
           7    0.774756    0.873801   0.0254959
           8    0.937424    0.881754   0.0235166
           9    0.776652    0.870076    0.023626
          10    0.892504    0.872318   0.0213695
          11    0.951988    0.879561   0.0206177
          12    0.756744    0.869326   0.0212889
          13    0.813048    0.864997   0.0200866
          14    0.907852    0.868058   0.0188836
          15    0.836284     0.86594   0.0177431
          16    0.956612    0.871607   0.0175158
          17    0.957884    0.876682    0.017205
          18    0.886912     0.87725   0.0162586
          19     0.92364    0.879692   0.0155851
          20    0.883064    0.879861   0.0148068
          21     0.91022    0.881306   0.0141721
          22     0.88652    0.881543   0.0135299
          23    0.924916    0.883429   0.0130724
          24    0.930872    0.885406   0.0126763
          25    0.902968    0.886108   0.0121887
          26    0.899632    0.886628    0.011731
          27    0.957756    0.889263   0.0115885
          28    0.919304    0.890336   0.0112242
          29    0.793988    0.887013   0.0113182
          30      0.9511     0.88915   0.0111407
          31    0.937436    0.890707   0.0108896
          32    0.946684    0.892457   0.0106889
          33    0.933552    0.893702   0.0104373
          34    0.943884    0.895178   0.0102341
          35     0.78982    0.892168    0.010375
          36    0.883792    0.891935   0.0100894
          37    0.947416    0.893434  0.00992754
          38    0.958232     0.89514  0.00981164
          39    0.881076    0.894779  0.00956668
          40    0.940772    0.895929  0.00939636
          41    0.939072    0.896981  0.00922591
          42    0.948368    0.898205  0.00908702
          43    0.972368    0.899929  0.00903789
          44    0.824388    0.898212  0.00899407
          45    0.906972    0.898407  0.00879631
          46    0.947824    0.899481  0.00867043
          47     0.96368    0.900847  0.00859288
          48     0.95062    0.901884  0.00847619
          49    0.841356    0.900649  0.00839274
          50    0.823704     0.89911  0.00836478
          51    0.718296    0.895565  0.00892052
          52    0.696484    0.891736  0.00953519
          53    0.912748    0.892133  0.00936352
          54     0.94878    0.893182   0.0092487
          55    0.926664     0.89379  0.00910055
          56    0.933648    0.894502  0.00896583
          57    0.903696    0.894664  0.00880999
          58    0.930492    0.895281  0.00867972
          59    0.901264    0.895383   0.0085332
          60    0.931332    0.895982  0.00841199
          61    0.850128     0.89523  0.00830761
          62    0.730168    0.892568  0.00858961
          63    0.865584    0.892139  0.00846394
          64     0.95666    0.893148  0.00839152
          65    0.940516    0.893876    0.008294
          66      0.9603    0.894883  0.00822917
          67    0.824568    0.893833  0.00817299
          68      0.9122    0.894103  0.00805726
          69     0.97178    0.895229  0.00801875
          70     0.92686    0.895681  0.00791691
          71    0.927448    0.896128  0.00781804
          72    0.952156    0.896907  0.00774809
          73    0.965932    0.897852  0.00769943
          74    0.913664    0.898066  0.00759835
          75    0.895568    0.898033  0.00749711
          76    0.901992    0.898085  0.00739864
          77    0.780848    0.896562  0.00745757
          78    0.911004    0.896747  0.00736426
          79    0.865168    0.896347  0.00728188
          80    0.880532     0.89615  0.00719354
          81    0.965464    0.897006  0.00715545
          82    0.949548    0.897646  0.00709682
          83    0.850144    0.897074  0.00703436
          84    0.907016    0.897192  0.00695161
          85     0.54512     0.89305  0.00800931
          86    0.944504    0.893649   0.0079385
          87    0.954856    0.894352  0.00787836
          88     0.87936    0.894182  0.00779068
          89    0.949228      0.8948  0.00772765
          90     0.90442    0.894907  0.00764253
          91     0.84612    0.894371  0.00757733
          92     0.84122    0.893793  0.00751696
          93    0.875972    0.893602  0.00743857
          94    0.800256    0.892609  0.00742543
          95    0.967964    0.893402  0.00738951
          96    0.944864    0.893938  0.00733195
          97      0.9569    0.894587  0.00728504
          98    0.939468    0.895045  0.00722508
          99     0.86284     0.89472  0.00715942
         100    0.809504    0.893868  0.00713836
