           1     7.43347     7.43347           0
           2     7.68237     7.55792   0.0879984
           3     7.57249     7.56278   0.0587995
           4     7.47905     7.54185   0.0476798
           5     7.41409     7.51629   0.0444662
           6     7.68036     7.54364   0.0446789
           7     7.56107     7.54613   0.0383655
           8     7.70031      7.5654   0.0381044
           9     7.70497     7.58091   0.0368913
          10     7.41421     7.56424    0.036776
          11     7.66091     7.57303   0.0344668
          12     7.60385      7.5756   0.0316901
          13     7.53411      7.5724   0.0294126
          14      7.6568     7.57843   0.0279226
          15     7.41814     7.56775   0.0280315
          16     7.47328     7.56184   0.0268941
          17     7.46846     7.55635   0.0258671
          18     7.58362     7.55786   0.0244743
          19     7.64788      7.5626   0.0236403
          20     7.55932     7.56244   0.0224589
          21     7.55184     7.56193   0.0213951
          22     7.53283     7.56061   0.0204634
          23     7.72735     7.56786   0.0208183
          24     7.59173     7.56885   0.0199747
          25     7.54884     7.56805   0.0191917
          26     7.56741     7.56803   0.0184536
          27     7.72946     7.57401   0.0187137
          28     7.60141     7.57499   0.0180709
          29     7.65023     7.57758   0.0176331
          30     7.53478     7.57615   0.0171029
