           1    -7.57584    -7.57584           0
           2    -7.53157     -7.5537   0.0156516
           3    -7.55014    -7.55251   0.0104793
           4    -7.56751    -7.55626  0.00850354
           5    -7.57872    -7.56076  0.00790059
           6    -7.53197    -7.55596   0.0079076
           7    -7.55241    -7.55545  0.00679419
           8    -7.52715    -7.55191  0.00680377
           9    -7.52534    -7.54896  0.00665785
          10    -7.57842    -7.55191  0.00661187
          11    -7.53315     -7.5502  0.00622672
          12    -7.54478    -7.54975  0.00572417
          13    -7.55712    -7.55032  0.00531186
          14    -7.53556    -7.54926  0.00503594
          15    -7.57808    -7.55118   0.0050534
          16    -7.56891    -7.55229  0.00485755
          17    -7.57014    -7.55334  0.00468396
          18    -7.54854    -7.55308  0.00443133
          19    -7.53652     -7.5522  0.00428296
          20    -7.55252    -7.55222  0.00406884
          21     -7.5537    -7.55229   0.0038757
          22    -7.55725    -7.55252  0.00370607
          23    -7.52347    -7.55125  0.00375395
          24    -7.54768     -7.5511   0.0036005
          25    -7.55391    -7.55122  0.00345822
          26    -7.55177    -7.55124  0.00332528
          27    -7.52221    -7.55016  0.00337147
          28    -7.54549    -7.54999  0.00325518
          29    -7.53781    -7.54957  0.00316995
          30    -7.55799    -7.54985  0.00307666
