          30           0           0           0           0
          30   0.0230664           0           0           0
          30   0.0461329           0           0           0
          30   0.0691993           0           0           0
          30   0.0922657           0           0           0
          30    0.115332           0           0           0
          30    0.138399           0           0           0
          30    0.161465           0           0           0
          30    0.184531           0           0           0
          30    0.207598           0           0           0
          30    0.230664           0           0           0
          30    0.253731           0           0           0
          30    0.276797           0           0           0
          30    0.299864           0           0           0
          30     0.32293           0           0           0
          30    0.345996           0           0           0
          30    0.369063           0           0           0
          30    0.392129           0           0           0
          30    0.415196           0           0           0
          30    0.438262           0           0           0
          30    0.461329           0           0           0
          30    0.484395           0           0           0
          30    0.507461           0           0           0
          30    0.530528           0           0           0
          30    0.553594           0           0           0
          30    0.576661           0           0           0
          30    0.599727           0           0           0
          30    0.622794           0           0           0
          30     0.64586           0           0           0
          30    0.668926           0           0           0
          30    0.691993           0           0           0
          30    0.715059           0           0           0
          30    0.738126           0           0           0
          30    0.761192           0           0           0
          30    0.784259           0           0           0
          30    0.807325           0           0           0
          30    0.830391           0           0           0
          30    0.853458           0           0           0
          30    0.876524 0.000294562 5.89124e-05 2.36466e-05
          30    0.899591  0.00349796  0.00367053  0.00021451
          30    0.922657   0.0435219   0.0470711 0.000853729
          30    0.945724    0.291797    0.292435  0.00237123
          30     0.96879    0.982257    0.997514  0.00530213
          30    0.991856     2.23784     2.23805  0.00636609
          30     1.01492     3.63044      3.6261  0.00449454
          30     1.03799      4.5535     4.61594  0.00592481
          30     1.06106     4.97827     4.90319  0.00696968
          30     1.08412      4.5014     4.50207  0.00920044
          30     1.10719     3.69476     3.66289  0.00830319
          30     1.13026     2.70581     2.69627  0.00592437
          30     1.15332      1.8161     1.82671  0.00325333
          30     1.17639     1.13838      1.1243  0.00334362
          30     1.19945    0.640939    0.647788  0.00350529
          30     1.22252     0.33873    0.350272  0.00282366
          30     1.24559    0.174342    0.177944  0.00190111
          30     1.26865   0.0866805   0.0884122  0.00151579
          30     1.29172   0.0424694   0.0482072  0.00115536
          30     1.31479   0.0396845   0.0409302  0.00109408
          30     1.33785   0.0525013    0.059578  0.00126742
          30     1.36092   0.0913279     0.10376  0.00129602
          30     1.38399    0.169868    0.182183  0.00171509
          30     1.40705    0.285891     0.29792  0.00176302
          30     1.43012    0.447891    0.455425  0.00169454
          30     1.45319    0.639257    0.628958  0.00153436
          30     1.47625    0.806458    0.800626  0.00239505
          30     1.49932    0.942212    0.925338  0.00310439
          30     1.52238     1.00537    0.973779  0.00352942
          30     1.54545    0.932582     0.93147  0.00357486
          30     1.56852    0.808637    0.807277  0.00218436
          30     1.59158    0.638597    0.637707  0.00159342
          30     1.61465    0.462218     0.46531  0.00153182
          30     1.63772    0.306319    0.316123  0.00184157
          30     1.66078    0.209417    0.218655   0.0023214
          30     1.68385    0.181167    0.191607   0.0023421
          30     1.70692    0.241592    0.253237  0.00305978
          30     1.72998    0.407889    0.430594  0.00345802
          30     1.75305    0.728897    0.744577  0.00347357
          30     1.77612     1.19506     1.19439  0.00257182
          30     1.79918     1.72269     1.72838  0.00202776
          30     1.82225     2.25189     2.23987   0.0032487
          30     1.84531     2.64028     2.60244  0.00582431
          30     1.86838     2.76077     2.72261  0.00638071
          30     1.89145     2.59257     2.56288  0.00637096
          30     1.91451     2.17749     2.17982  0.00391879
          30     1.93758     1.69355     1.68939  0.00154715
          30     1.96065     1.18786     1.19767  0.00204079
          30     1.98371    0.778236    0.798166  0.00314297
          30     2.00678    0.531033     0.54025  0.00338112
          30     2.02985    0.415631    0.430758  0.00339579
          30     2.05291    0.437221    0.459437  0.00304176
          30     2.07598    0.572113    0.582814  0.00215333
          30     2.09905    0.743201    0.758685  0.00150386
          30     2.12211    0.932848     0.92079  0.00184029
          30     2.14518     1.04076     1.01844  0.00251867
          30     2.16824     1.04191     1.02517  0.00222141
          30     2.19131    0.930242    0.921361  0.00206324
          30     2.21438     0.77933    0.781287  0.00123385
          30     2.23744    0.648712    0.649902  0.00186298
          30     2.26051    0.554151    0.567287  0.00257435
          30     2.28358    0.548493    0.568261  0.00327396
